943
2 2 20
1 6 14
2 2 21
2 2 20
1 3 14
2 4 7
2 7 1
2 4 1
2 3 19
2 6 10
1 4 14
1 3 14
2 5 4
2 5 18
1 5 4
2 2 6
2 3 15
1 4 14
2 4 11
1 4 9
2 3 21
2 3 21
1 3 2
1 2 2
2 4 5
2 5 5
1 4 11
2 3 21
2 4 15
2 1 19
2 2 2
1 3 19
2 2 19
1 4 1
1 2 9
1 2 19
2 2 19
1 3 14
2 4 6
2 4 18
2 3 5
2 3 1
1 3 11
2 3 20
2 3 15
1 3 12
2 6 12
2 5 1
1 2 19
2 2 21
2 3 4
1 2 19
2 3 15
2 2 7
2 4 15
2 3 11
2 1 13
2 3 15
2 5 4
2 6 8
2 4 5
1 3 1
2 3 12
2 3 4
1 6 4
2 2 19
2 1 19
2 2 19
2 2 5
2 3 5
2 4 18
1 5 1
2 2 19
2 4 18
2 2 6
2 2 19
2 3 20
2 3 1
1 4 1
1 3 1
2 2 19
2 6 15
2 4 14
2 3 7
2 6 4
2 3 1
2 5 1
1 5 11
1 4 1
2 7 4
2 6 12
2 3 6
2 5 7
2 3 19
2 3 1
1 3 2
2 4 2
1 5 7
2 2 19
2 4 7
2 1 19
2 4 15
2 3 19
2 3 19
2 2 5
2 7 16
2 4 18
2 4 4
2 3 14
2 2 19
2 7 5
2 3 17
2 5 7
2 3 15
2 3 5
2 4 8
2 2 19
2 2 1
2 3 15
1 5 14
2 6 11
1 3 21
1 5 2
2 3 19
2 3 10
1 3 10
2 3 13
1 2 12
1 4 12
2 2 13
1 7 1
2 2 14
2 6 5
2 3 15
2 2 19
2 6 14
2 6 4
2 5 3
2 2 19
1 3 19
2 5 15
2 1 14
2 4 20
2 6 15
2 3 6
2 5 2
1 4 11
2 3 5
1 4 12
1 2 2
1 4 1
1 3 4
2 3 19
2 3 19
1 3 14
2 3 4
2 7 5
2 6 4
1 2 19
2 3 15
2 6 10
2 3 2
2 5 1
2 5 8
1 2 14
2 5 4
2 4 14
2 5 14
1 6 14
1 6 8
1 5 4
2 6 12
2 7 14
1 3 1
1 3 18
2 3 18
2 2 15
2 3 14
2 1 6
1 2 1
2 3 7
2 4 15
2 3 18
2 4 11
1 6 11
1 4 7
2 3 4
2 4 19
2 3 2
2 3 1
2 3 1
2 4 4
2 3 19
2 4 1
2 4 18
2 5 21
2 6 20
1 2 19
2 3 21
2 4 15
2 3 21
1 4 4
1 3 19
1 6 11
2 5 10
1 1 19
2 4 12
2 4 5
1 3 4
2 4 5
2 7 17
1 5 4
2 3 7
1 3 11
2 4 15
2 2 5
2 2 14
2 4 1
2 3 15
2 3 11
2 2 19
2 3 15
1 2 19
1 3 4
1 6 1
2 3 19
2 5 7
1 2 19
1 3 11
1 3 19
2 5 11
2 5 18
2 4 5
2 7 16
2 4 4
1 4 21
2 5 1
1 4 1
2 4 2
1 2 4
1 3 19
2 3 4
2 3 4
2 3 20
2 2 19
2 2 19
2 3 5
2 3 19
2 3 19
2 3 7
2 3 3
2 4 5
1 3 11
2 4 4
2 2 6
1 4 13
2 1 19
1 2 19
2 2 19
1 4 2
2 3 1
1 2 19
2 4 15
1 4 21
2 3 7
1 7 1
2 2 5
2 2 5
1 3 11
1 2 19
2 6 5
2 3 18
1 6 14
1 2 19
2 4 5
2 2 19
1 4 1
1 4 11
2 3 15
1 3 11
1 1 19
2 2 1
2 3 15
2 4 7
2 3 15
2 3 19
2 2 17
2 3 12
2 1 13
2 4 5
2 2 19
1 4 15
2 2 21
2 3 20
2 3 4
1 4 1
1 3 4
2 4 7
2 3 3
1 3 15
2 2 19
2 4 4
2 2 19
1 2 19
2 2 15
2 5 14
2 3 19
2 7 16
2 4 18
2 4 4
2 3 20
2 5 14
2 4 12
1 2 19
2 3 4
1 4 14
2 2 1
2 7 16
2 4 15
2 2 19
1 5 4
2 2 19
2 2 19
1 2 19
2 5 20
2 4 1
2 2 19
2 6 1
2 5 4
1 4 4
2 3 6
2 2 19
2 5 14
2 3 11
2 5 7
2 2 17
2 4 18
1 4 11
2 4 10
2 5 5
1 1 19
1 3 14
2 4 5
1 3 11
1 3 11
2 3 14
2 2 19
1 2 19
2 7 16
2 3 19
2 7 4
1 4 15
2 3 18
1 3 11
2 3 19
1 3 9
2 3 7
2 4 4
2 2 19
2 6 14
2 2 19
1 4 9
2 2 19
2 7 5
2 3 10
1 2 19
2 1 19
2 2 19
2 2 19
2 6 21
2 4 5
1 3 19
1 2 14
2 4 7
2 1 6
1 3 14
2 2 19
2 4 19
2 4 15
2 3 5
2 3 2
2 5 5
2 4 1
2 6 15
2 4 21
2 4 17
2 3 6
2 3 14
1 4 21
1 4 21
2 2 19
2 6 21
2 2 19
2 3 1
2 4 14
2 7 5
2 1 19
2 4 14
2 3 14
1 3 1
1 5 8
2 3 5
2 4 14
1 3 15
1 2 8
2 6 4
2 3 5
2 2 19
2 5 1
1 3 2
2 3 4
2 3 4
2 6 4
2 2 15
2 4 4
1 2 19
1 3 14
1 6 13
2 4 10
2 6 4
1 4 15
2 3 6
2 7 14
1 4 12
2 2 19
2 6 4
2 6 3
2 3 19
2 3 19
2 4 18
2 2 12
2 2 6
2 3 2
1 1 19
2 2 5
1 3 1
1 3 14
1 6 1
1 2 1
2 3 14
2 6 20
2 2 19
2 4 17
1 6 10
2 2 21
2 7 4
2 3 1
2 2 6
2 2 11
1 4 4
2 1 19
2 4 1
2 2 19
2 7 14
2 5 1
2 2 20
1 3 17
2 5 20
2 2 19
1 4 14
2 1 19
1 2 19
1 5 8
2 7 21
2 3 14
2 2 19
2 3 5
2 3 5
2 7 4
2 2 15
2 1 19
2 2 19
2 3 19
2 6 7
2 3 15
2 3 19
1 2 19
2 3 14
2 3 4
2 7 16
2 7 16
1 2 19
2 3 18
2 3 19
1 4 4
2 4 4
2 2 5
2 5 20
2 6 14
1 3 2
1 4 21
2 7 4
2 2 5
1 4 1
2 3 5
1 2 19
2 2 19
2 3 21
2 4 15
2 3 1
2 2 19
2 2 19
1 6 21
1 4 21
1 3 14
2 5 15
1 2 21
2 3 12
2 2 1
2 3 14
2 2 19
2 3 14
2 4 1
2 3 15
2 6 12
1 6 11
2 2 19
1 5 21
2 2 14
2 7 8
2 2 19
2 4 5
1 6 1
2 7 4
1 3 1
2 3 12
2 3 11
2 2 19
1 5 1
2 3 5
1 3 17
2 2 19
2 4 11
2 2 19
1 5 4
2 4 5
2 4 5
2 3 18
1 6 1
2 3 5
1 2 19
2 2 19
2 3 18
1 4 14
2 3 20
2 4 7
2 6 4
2 6 21
2 4 18
1 1 19
2 3 15
2 5 14
2 7 4
2 3 18
1 3 4
1 4 4
1 3 21
1 7 21
2 7 7
2 3 19
2 2 5
1 6 1
1 4 11
2 7 16
2 4 19
2 2 19
2 2 6
2 4 4
2 3 4
2 3 4
2 3 2
2 6 4
2 7 16
2 7 4
2 3 12
2 5 7
1 4 19
2 3 1
2 3 4
2 1 19
2 4 14
2 1 19
2 4 5
2 3 19
2 7 11
2 2 19
2 3 14
1 2 19
2 2 10
2 6 4
1 7 11
2 2 19
1 3 4
2 5 4
2 3 15
2 2 2
2 2 14
1 4 12
1 2 19
2 3 15
1 2 2
1 5 14
2 2 15
2 4 4
2 3 5
2 3 15
1 5 8
2 2 14
1 1 19
2 2 19
2 5 11
2 4 4
1 4 12
2 6 4
2 4 4
2 6 18
1 3 21
1 1 19
2 1 19
1 2 21
2 1 19
2 3 15
1 6 4
2 2 19
2 3 15
2 2 18
2 2 5
2 1 13
1 5 14
1 3 8
1 2 19
2 2 19
2 4 15
2 4 5
2 2 14
2 5 4
2 3 14
2 5 5
1 4 11
2 2 19
2 2 19
1 2 19
2 4 18
2 6 16
2 3 15
1 1 19
2 4 4
2 4 5
2 2 19
2 4 5
2 7 16
2 4 14
2 3 7
1 3 19
1 6 8
2 5 4
1 3 13
2 3 15
2 3 4
2 3 19
2 3 15
2 6 11
2 3 14
2 3 5
2 3 1
2 4 1
2 4 11
1 3 21
2 4 14
2 3 20
2 2 15
1 6 1
2 6 4
1 1 19
2 3 14
2 3 15
2 2 14
2 6 4
1 2 19
2 3 10
1 4 12
2 2 15
2 4 11
2 3 19
1 3 11
2 3 4
1 3 8
1 4 1
2 3 14
2 4 17
2 3 4
2 3 5
1 4 8
2 7 15
2 3 21
2 6 14
2 3 14
1 3 15
2 4 14
2 1 19
1 6 11
2 4 14
2 3 4
1 6 11
1 2 19
2 2 19
1 7 11
1 3 9
2 2 14
2 2 19
1 2 19
1 2 19
1 4 14
2 3 5
2 2 20
1 4 1
2 2 20
2 4 20
1 4 14
1 5 1
1 2 6
1 6 9
2 3 7
2 3 7
2 2 19
1 3 1
2 3 19
2 7 7
2 2 19
1 3 18
1 4 4
1 3 14
1 4 14
1 3 14
1 3 8
1 5 21
2 3 15
2 4 20
2 4 20
1 3 4
2 3 21
2 4 19
2 3 15
2 4 12
2 4 21
2 3 5
2 2 14
2 3 1
2 3 14
2 3 1
1 2 14
2 7 16
2 7 17
1 7 11
1 4 4
1 3 13
2 3 19
2 3 19
1 2 19
1 4 14
2 1 19
2 3 1
2 3 18
1 3 4
2 3 19
2 4 14
2 7 5
2 3 1
2 4 7
2 3 19
2 3 19
2 6 21
2 2 19
2 3 19
2 5 7
2 3 11
2 7 15
2 3 19
2 3 19
2 5 15
2 2 19
1 2 2
2 3 12
2 5 1
2 3 5
1 4 5
1 2 19
2 6 1
2 3 14
2 3 20
2 3 4
2 4 15
2 2 19
2 3 4
2 3 15
1 3 21
1 4 14
1 4 21
1 5 1
2 3 15
2 2 21
2 4 1
2 7 1
2 4 4
1 3 14
2 3 12
1 4 8
2 5 17
1 6 12
1 6 14
1 4 4
2 2 20
1 1 19
2 3 14
2 3 14
2 3 14
2 2 19
2 3 11
2 7 1
2 2 19
2 4 5
1 3 11
2 3 2
2 3 14
2 4 5
2 3 2
1 2 5
2 3 11
2 5 21
2 5 15
2 2 14
2 2 20
2 3 21
2 3 14
1 4 7
2 4 2
1 4 2
2 2 19
1 4 6
2 4 2
2 5 3
2 4 21
2 4 11
2 2 5
2 7 3
2 3 10
2 3 19
2 5 5
1 1 19
2 3 20
2 2 14
2 5 1
2 5 21
1 3 19
2 6 11
1 4 12
1 4 1
2 7 4
1 2 14
1 7 16
1 4 19
2 3 7
2 1 19
2 3 15
2 3 2
2 5 14
2 2 18
2 2 15
2 3 19
2 2 19
2 3 7
1 2 19
1 5 1
2 4 18
1 2 19
2 4 14
2 3 14
1 6 4
1 3 1
2 1 19
2 4 12
2 4 5
2 5 11
2 4 5
1 3 14
2 2 19
1 1 19
2 4 18
2 2 20
2 3 19
1 6 1
2 4 14
2 3 19
2 5 4
1 3 11
2 3 21
2 3 14
2 2 9
2 3 14
2 7 16
2 4 7
1 5 2
2 3 4
1 1 19
2 3 14
2 5 11
1 3 14
1 4 11
1 6 4
2 3 8
1 4 21
2 6 14
2 3 19
1 4 14
2 6 6
2 3 5
1 2 19
2 4 18
2 3 14
1 3 2
1 2 19
1 3 1
2 2 19
2 3 14
1 2 17
2 5 6
2 2 15
2 2 19
2 4 18
1 3 18
2 7 4
2 7 4
2 3 19
2 7 5
2 4 3
2 2 14
2 5 4
1 4 20
1 3 19
2 3 1
2 2 19
1 5 11
2 2 19
